2022-07-07 11:02:48.018768
103828
103821
103708
103640
103492
103470
103466
103447
103446
103443
103438
103430
103428
103427
103415
103409
103389
103388
103373
103306
103274
103202
103185
103119
103102
103081
103069
103049
102992
102966
102920
102900
102896
102890
102881
102861
102835
102791
102788
102785
102780
102775
102511
102501
102500
102483
102482
102471
102470
102465
102460
102452
102433
102428
102423
102411
102392
102386
102348
102346
102267
102263
102219
102082
102056
102040
102028
102021
102014
102012
102007
102006
102004
102001
101992
101991
101987
101986
101982
101981
101972
101964
101955
101954
101933
101931
101915
101911
101908
101889
101873
101869
101856
101853
101840
101810
101801
101775
101673
101670
101669
101667
101666
101657
101656
101655
101653
101652
101651
101650
101649
101648
101635
101630
101623
101620
101617
101615
101612
101611
101608
101606
101597
101572
101564
101561
101557
101556
101555
101554
101550
101549
101519
101518
101516
101512
101505
101504
101503
101498
101490
101487
101485
101482
101481
101480
101473
101472
101471
101470
101468
101467
101464
101463
101462
101461
101415
101414
101413
101412
101411
101410
101409
101408
101404
101398
101388
101350
101334
101309
101308
101291
101252
101246
101243
101242
101239
101221
101208
101206
101205
101201
101196
101194
101190
101177
101175
101174
101173
101161
101158
101147
101142
101137
101128
101102
101086
101061
101002
100867
100866
100864
100863
100861
100860
100851
100829
100827
100825
100820
100819
100814
100811
100810
100803
100801
100800
100795
100792
100791
100790
100784
100783
100781
100765
100753
100729
100726
100725
100723
100722
100721
100719
100714
100712
100685
100676
100651
100650
100648
100647
100646
100645
100644
100643
100642
100641
100625
100624
100623
100622
100610
100609
100554
100553
100548
100543
100531
100526
100519
100513
100507
100503
100500
100443
100438
100405
100307
100299
100291
100287
100286
100285
100283
100273
100269
100257
100253
100191
100190
100184
100182
100155
100151
100134
100125
100114
100113
100109
100107
100095
100085
100084
100078
100069
100002
